OS: macOS Catalina
Processor: 1,1 GHz 2‑x kernel IntelCore m3

Determinant:
     th/dim;           1;           2;           3;           4;           5;           6;           7;           8;           9;
   6(   -5);   0.0009054;   0.0011373;   0.0011763;   0.0010223;   0.0010802;   0.0009465;   0.0008765;   0.0008388;   0.0008521;
   7(    6);   0.0010109;   0.0010139;   0.0009899;   0.0010055;   0.0009953;   0.0009494;   0.0009128;   0.0010137;   0.0012120;
  10(   -9);   0.0030677;   0.0045150;   0.0026200;   0.0020546;   0.0020710;   0.0022387;   0.0018171;   0.0016705;   0.0019496;
  11(   10);   0.0024724;   0.0022819;   0.0022561;   0.0021346;   0.0020236;   0.0017936;   0.0017213;   0.0017236;   0.0017335;
  15(   14);   0.0025185;   0.0024671;   0.0024343;   0.0024274;   0.0026311;   0.0024717;   0.0023180;   0.0024028;   0.0023953;
  25(   24);   0.0043300;   0.0085287;   0.0052172;   0.0049321;   0.0043998;   0.0046867;   0.0048260;   0.0045776;   0.0049195;
  50(  -49);   0.0101607;   0.0100894;   0.0142619;   0.0106550;   0.0095476;   0.0096091;   0.0097612;   0.0097441;   0.0096821;
 111(  110);   0.0300791;   0.0298475;   0.0454133;   0.0546740;   0.0534002;   0.0554478;   0.0581271;   0.0597306;   0.0624801;
 150( -149);   0.0780913;   0.0909554;   0.0961880;   0.0980534;   0.1228298;   0.0980249;   0.0823052;   0.4501951;   0.0883506;
 201(  200);   0.2519477;   0.2500695;   0.2013798;   0.2113262;   0.1777439;   0.1650613;   0.1221383;   0.1002872;   0.0946216;
 300( -299);   0.3318822;   0.4516083;   0.2542465;   0.2695264;   0.2757472;   0.2770083;   0.2557276;   0.1763164;   0.2109073;
 500( -499);   0.8688073;   0.8865766;   1.1491369;   1.0767451;   1.0383164;   0.7277983;   1.0760141;   1.5283122;   1.1356043;
dim/th;           6;           7;          10;          11;          15;          25;          50;         111;         150;         201;         300;         500;
     1;   0.0009054;   0.0010109;   0.0030677;   0.0024724;   0.0025185;   0.0043300;   0.0101607;   0.0300791;   0.0780913;   0.2519477;   0.3318822;   0.8688073;
     2;   0.0011373;   0.0010139;   0.0045150;   0.0022819;   0.0024671;   0.0085287;   0.0100894;   0.0298475;   0.0909554;   0.2500695;   0.4516083;   0.8865766;
     3;   0.0011763;   0.0009899;   0.0026200;   0.0022561;   0.0024343;   0.0052172;   0.0142619;   0.0454133;   0.0961880;   0.2013798;   0.2542465;   1.1491369;
     4;   0.0010223;   0.0010055;   0.0020546;   0.0021346;   0.0024274;   0.0049321;   0.0106550;   0.0546740;   0.0980534;   0.2113262;   0.2695264;   1.0767451;
     5;   0.0010802;   0.0009953;   0.0020710;   0.0020236;   0.0026311;   0.0043998;   0.0095476;   0.0534002;   0.1228298;   0.1777439;   0.2757472;   1.0383164;
     6;   0.0009465;   0.0009494;   0.0022387;   0.0017936;   0.0024717;   0.0046867;   0.0096091;   0.0554478;   0.0980249;   0.1650613;   0.2770083;   0.7277983;
     7;   0.0008765;   0.0009128;   0.0018171;   0.0017213;   0.0023180;   0.0048260;   0.0097612;   0.0581271;   0.0823052;   0.1221383;   0.2557276;   1.0760141;
     8;   0.0008388;   0.0010137;   0.0016705;   0.0017236;   0.0024028;   0.0045776;   0.0097441;   0.0597306;   0.4501951;   0.1002872;   0.1763164;   1.5283122;
     9;   0.0008521;   0.0012120;   0.0019496;   0.0017335;   0.0023953;   0.0049195;   0.0096821;   0.0624801;   0.0883506;   0.0946216;   0.2109073;   1.1356043;

Sum:
     th/dim;           1;           2;           3;           4;           5;           6;           7;           8;           9;
   6(     );   0.0000088;   0.0000107;   0.0000108;   0.0000109;   0.0000101;   0.0000103;   0.0000109;   0.0000106;   0.0000101;
   7(     );   0.0000124;   0.0000116;   0.0000112;   0.0000128;   0.0000125;   0.0000135;   0.0000143;   0.0000136;   0.0000143;
  10(     );   0.0000208;   0.0000219;   0.0000227;   0.0000208;   0.0000173;   0.0000206;   0.0000206;   0.0000186;   0.0000160;
  11(     );   0.0000228;   0.0000229;   0.0000165;   0.0000164;   0.0000165;   0.0000164;   0.0000164;   0.0000165;   0.0000165;
  15(     );   0.0000356;   0.0000354;   0.0000355;   0.0000353;   0.0000357;   0.0000255;   0.0000360;   0.0000356;   0.0000355;
  25(     );   0.0000785;   0.0000554;   0.0000555;   0.0000551;   0.0000569;   0.0000784;   0.0000801;   0.0000560;   0.0000788;
  50(     );   0.0002563;   0.0002550;   0.0002433;   0.0003461;   0.0002551;   0.0002540;   0.0002554;   0.0002555;   0.0002537;
 111(     );   0.0011459;   0.0010727;   0.0010745;   0.0010273;   0.0010699;   0.0008713;   0.0008692;   0.0010486;   0.0010551;
 150(     );   0.0020222;   0.0017798;   0.0017657;   0.0017943;   0.0017761;   0.0017464;   0.0017786;   0.0017909;   0.0015451;
 201(     );   0.0035943;   0.0025413;   0.0023873;   0.0022184;   0.0022438;   0.0022162;   0.0025550;   0.0025132;   0.0027779;
 300(     );   0.0069715;   0.0055979;   0.0054545;   0.0050034;   0.0066584;   0.0064325;   0.0054947;   0.0052210;   0.0061748;
 500(     );   0.0190866;   0.0135225;   0.0143312;   0.0127549;   0.0132551;   0.0119049;   0.0119330;   0.0118875;   0.0119045;
 501(     );   0.0159583;   0.0128771;   0.0129540;   0.0116191;   0.0122893;   0.0117886;   0.0117968;   0.0117308;   0.0117882;
1000(     );   0.0600656;   0.0483653;   0.0466785;   0.0462028;   0.0486837;   0.0468495;   0.0484578;   0.0622231;   0.0695615;
dim/th;           6;           7;          10;          11;          15;          25;          50;         111;         150;         201;         300;         500;         501;        1000;
     1;   0.0000088;   0.0000124;   0.0000208;   0.0000228;   0.0000356;   0.0000785;   0.0002563;   0.0011459;   0.0020222;   0.0035943;   0.0069715;   0.0190866;   0.0159583;   0.0600656;
     2;   0.0000107;   0.0000116;   0.0000219;   0.0000229;   0.0000354;   0.0000554;   0.0002550;   0.0010727;   0.0017798;   0.0025413;   0.0055979;   0.0135225;   0.0128771;   0.0483653;
     3;   0.0000108;   0.0000112;   0.0000227;   0.0000165;   0.0000355;   0.0000555;   0.0002433;   0.0010745;   0.0017657;   0.0023873;   0.0054545;   0.0143312;   0.0129540;   0.0466785;
     4;   0.0000109;   0.0000128;   0.0000208;   0.0000164;   0.0000353;   0.0000551;   0.0003461;   0.0010273;   0.0017943;   0.0022184;   0.0050034;   0.0127549;   0.0116191;   0.0462028;
     5;   0.0000101;   0.0000125;   0.0000173;   0.0000165;   0.0000357;   0.0000569;   0.0002551;   0.0010699;   0.0017761;   0.0022438;   0.0066584;   0.0132551;   0.0122893;   0.0486837;
     6;   0.0000103;   0.0000135;   0.0000206;   0.0000164;   0.0000255;   0.0000784;   0.0002540;   0.0008713;   0.0017464;   0.0022162;   0.0064325;   0.0119049;   0.0117886;   0.0468495;
     7;   0.0000109;   0.0000143;   0.0000206;   0.0000164;   0.0000360;   0.0000801;   0.0002554;   0.0008692;   0.0017786;   0.0025550;   0.0054947;   0.0119330;   0.0117968;   0.0484578;
     8;   0.0000106;   0.0000136;   0.0000186;   0.0000165;   0.0000356;   0.0000560;   0.0002555;   0.0010486;   0.0017909;   0.0025132;   0.0052210;   0.0118875;   0.0117308;   0.0622231;
     9;   0.0000101;   0.0000143;   0.0000160;   0.0000165;   0.0000355;   0.0000788;   0.0002537;   0.0010551;   0.0015451;   0.0027779;   0.0061748;   0.0119045;   0.0117882;   0.0695615;

Substr:
     th/dim;           1;           2;           3;           4;           5;           6;           7;           8;           9;
   6(     );   0.0000107;   0.0000108;   0.0000108;   0.0000107;   0.0000106;   0.0000107;   0.0000107;   0.0000107;   0.0000129;
   7(     );   0.0000180;   0.0000130;   0.0000129;   0.0000130;   0.0000128;   0.0000128;   0.0000128;   0.0000128;   0.0000129;
  10(     );   0.0000203;   0.0000201;   0.0000202;   0.0000202;   0.0000201;   0.0000200;   0.0000201;   0.0000199;   0.0000201;
  11(     );   0.0000228;   0.0000242;   0.0000229;   0.0000229;   0.0000229;   0.0000228;   0.0000226;   0.0000229;   0.0000228;
  15(     );   0.0000355;   0.0000359;   0.0000382;   0.0000352;   0.0000352;   0.0000352;   0.0000353;   0.0000352;   0.0000356;
  25(     );   0.0000785;   0.0000785;   0.0000790;   0.0000784;   0.0000790;   0.0000786;   0.0000815;   0.0000846;   0.0000784;
  50(     );   0.0001811;   0.0002146;   0.0001870;   0.0001795;   0.0001811;   0.0002159;   0.0002538;   0.0002534;   0.0002540;
 111(     );   0.0008065;   0.0008387;   0.0010539;   0.0010691;   0.0010673;   0.0010744;   0.0010706;   0.0009400;   0.0009266;
 150(     );   0.0017706;   0.0014371;   0.0014218;   0.0017026;   0.0014462;   0.0016142;   0.0017059;   0.0014917;   0.0014668;
 201(     );   0.0031388;   0.0030348;   0.0029698;   0.0022426;   0.0025652;   0.0023979;   0.0026643;   0.0024348;   0.0024901;
 300(     );   0.0067830;   0.0062671;   0.0057641;   0.0056510;   0.0060128;   0.0062348;   0.0063109;   0.0062277;   0.0059676;
 500(     );   0.0203226;   0.0161048;   0.0158108;   0.0152309;   0.0180070;   0.0145685;   0.0151301;   0.0155644;   0.0164723;
 501(     );   0.0192757;   0.0153519;   0.0159120;   0.0151897;   0.0164160;   0.0175506;   0.0181119;   0.0177843;   0.0159039;
1000(     );   0.0823885;   0.0668843;   0.0703067;   0.0680830;   0.0675310;   0.0660165;   0.0621014;   0.0663189;   0.0659294;
dim/th;           6;           7;          10;          11;          15;          25;          50;         111;         150;         201;         300;         500;         501;        1000;
     1;   0.0000107;   0.0000180;   0.0000203;   0.0000228;   0.0000355;   0.0000785;   0.0001811;   0.0008065;   0.0017706;   0.0031388;   0.0067830;   0.0203226;   0.0192757;   0.0823885;
     2;   0.0000108;   0.0000130;   0.0000201;   0.0000242;   0.0000359;   0.0000785;   0.0002146;   0.0008387;   0.0014371;   0.0030348;   0.0062671;   0.0161048;   0.0153519;   0.0668843;
     3;   0.0000108;   0.0000129;   0.0000202;   0.0000229;   0.0000382;   0.0000790;   0.0001870;   0.0010539;   0.0014218;   0.0029698;   0.0057641;   0.0158108;   0.0159120;   0.0703067;
     4;   0.0000107;   0.0000130;   0.0000202;   0.0000229;   0.0000352;   0.0000784;   0.0001795;   0.0010691;   0.0017026;   0.0022426;   0.0056510;   0.0152309;   0.0151897;   0.0680830;
     5;   0.0000106;   0.0000128;   0.0000201;   0.0000229;   0.0000352;   0.0000790;   0.0001811;   0.0010673;   0.0014462;   0.0025652;   0.0060128;   0.0180070;   0.0164160;   0.0675310;
     6;   0.0000107;   0.0000128;   0.0000200;   0.0000228;   0.0000352;   0.0000786;   0.0002159;   0.0010744;   0.0016142;   0.0023979;   0.0062348;   0.0145685;   0.0175506;   0.0660165;
     7;   0.0000107;   0.0000128;   0.0000201;   0.0000226;   0.0000353;   0.0000815;   0.0002538;   0.0010706;   0.0017059;   0.0026643;   0.0063109;   0.0151301;   0.0181119;   0.0621014;
     8;   0.0000107;   0.0000128;   0.0000199;   0.0000229;   0.0000352;   0.0000846;   0.0002534;   0.0009400;   0.0014917;   0.0024348;   0.0062277;   0.0155644;   0.0177843;   0.0663189;
     9;   0.0000129;   0.0000129;   0.0000201;   0.0000228;   0.0000356;   0.0000784;   0.0002540;   0.0009266;   0.0014668;   0.0024901;   0.0059676;   0.0164723;   0.0159039;   0.0659294;

Mult:
     th/dim;           1;           2;           3;           4;           5;           6;           7;           8;           9;
   6(     );   0.0000171;   0.0000170;   0.0000170;   0.0000169;   0.0000171;   0.0000171;   0.0000169;   0.0000170;   0.0000173;
   7(     );   0.0000236;   0.0000248;   0.0000235;   0.0000234;   0.0000246;   0.0000234;   0.0000308;   0.0000315;   0.0000236;
  10(     );   0.0000429;   0.0000392;   0.0000398;   0.0000578;   0.0000391;   0.0000393;   0.0000391;   0.0000393;   0.0000391;
  11(     );   0.0000501;   0.0000499;   0.0000500;   0.0000503;   0.0000502;   0.0000742;   0.0000524;   0.0000497;   0.0000537;
  15(     );   0.0001101;   0.0001092;   0.0001358;   0.0001572;   0.0001560;   0.0001423;   0.0001136;   0.0001562;   0.0001103;
  25(     );   0.0004484;   0.0005208;   0.0004489;   0.0004468;   0.0005722;   0.0006388;   0.0004485;   0.0004466;   0.0004466;
  50(     );   0.0038082;   0.0046515;   0.0052130;   0.0048128;   0.0035056;   0.0043668;   0.0047335;   0.0049119;   0.0048042;
 111(     );   0.0518230;   0.0289051;   0.0265372;   0.0262742;   0.0283261;   0.0269800;   0.0282855;   0.0241800;   0.0268090;
 150(     );   0.1341619;   0.0694321;   0.0674591;   0.0692673;   0.0725871;   0.0688200;   0.0682697;   0.0669653;   0.0660430;
 201(     );   0.4041360;   0.1973035;   0.1812404;   0.1911760;   0.1886527;   0.1875445;   0.1862798;   0.1896411;   0.1920293;
 300(     );   1.1874505;   0.6218873;   0.5964146;   0.4093975;   0.4782258;   0.4767528;   0.7399271;   0.7431341;   0.7847931;
 500(     );   4.6429288;   2.5856562;   2.1156826;   2.0768280;   2.0595028;   2.9597379;   3.0171279;   2.7593174;   2.6707637;
dim/th;           6;           7;          10;          11;          15;          25;          50;         111;         150;         201;         300;         500;
     1;   0.0000171;   0.0000236;   0.0000429;   0.0000501;   0.0001101;   0.0004484;   0.0038082;   0.0518230;   0.1341619;   0.4041360;   1.1874505;   4.6429288;
     2;   0.0000170;   0.0000248;   0.0000392;   0.0000499;   0.0001092;   0.0005208;   0.0046515;   0.0289051;   0.0694321;   0.1973035;   0.6218873;   2.5856562;
     3;   0.0000170;   0.0000235;   0.0000398;   0.0000500;   0.0001358;   0.0004489;   0.0052130;   0.0265372;   0.0674591;   0.1812404;   0.5964146;   2.1156826;
     4;   0.0000169;   0.0000234;   0.0000578;   0.0000503;   0.0001572;   0.0004468;   0.0048128;   0.0262742;   0.0692673;   0.1911760;   0.4093975;   2.0768280;
     5;   0.0000171;   0.0000246;   0.0000391;   0.0000502;   0.0001560;   0.0005722;   0.0035056;   0.0283261;   0.0725871;   0.1886527;   0.4782258;   2.0595028;
     6;   0.0000171;   0.0000234;   0.0000393;   0.0000742;   0.0001423;   0.0006388;   0.0043668;   0.0269800;   0.0688200;   0.1875445;   0.4767528;   2.9597379;
     7;   0.0000169;   0.0000308;   0.0000391;   0.0000524;   0.0001136;   0.0004485;   0.0047335;   0.0282855;   0.0682697;   0.1862798;   0.7399271;   3.0171279;
     8;   0.0000170;   0.0000315;   0.0000393;   0.0000497;   0.0001562;   0.0004466;   0.0049119;   0.0241800;   0.0669653;   0.1896411;   0.7431341;   2.7593174;
     9;   0.0000173;   0.0000236;   0.0000391;   0.0000537;   0.0001103;   0.0004466;   0.0048042;   0.0268090;   0.0660430;   0.1920293;   0.7847931;   2.6707637;
